
Accuracy =  93.3920704845815 %

0 = star , 1 = galaxy
Predicted:  1  Data:  [-0.91903124 -0.77509025 -1.23253493 -0.84225401 -0.87936941 -0.84938431
 -0.93703966 -0.64180705 -0.68553921]  Actual:  1
Predicted:  1  Data:  [-0.48595349  0.01710635  0.55652528  0.92681465  0.45306319 -0.78424391
 -0.77882541  0.3657052   0.54918034]  Actual:  1
Predicted:  0  Data:  [ 0.37087752  0.65472801  0.42026236 -0.63954823 -0.62508838 -0.03575113
  0.13856061 -0.68858816 -0.62849303]  Actual:  0
Predicted:  0  Data:  [ 0.34859704 -0.65915904 -1.30321539 -0.34470345 -0.34029362  0.51349013
  0.4581648  -0.22859556 -0.22764104]  Actual:  1
Predicted:  1  Data:  [ 0.25110822  0.55811866  0.19650097 -0.39998685 -0.77765699 -0.19392615
 -0.62525156  0.51132157 -0.37452263]  Actual:  1
Predicted:  0  Data:  [0.45832478 1.04116537 1.00409991 1.07423704 0.65648802 0.44849896
 0.97078624 0.57584093 1.05849017]  Actual:  0
Predicted:  0  Data:  [ 0.64634854  0.82862482  0.56517578 -0.34470345 -0.3097799  -0.24521271
  0.79006994 -0.68220722  0.28273205]  Actual:  0
Predicted:  1  Data:  [-1.7619691  -2.18558664 -2.65397259 -0.84225401 -0.22840997 -1.44681554
 -1.49972037 -1.35257229 -1.32692745]  Actual:  1
Predicted:  0  Data:  [-0.21802535  0.11371569 -0.04471815 -0.53819534 -0.50303348  0.00464139
  0.06874724 -0.14245484 -0.07349363]  Actual:  0
Predicted:  0  Data:  [ 5.97338807e-02  6.35406137e-01  4.11920171e-01 -1.88067163e-01
 -1.67382521e-01 -1.89610814e-01  7.45279652e-05 -2.66850758e-01
  2.14039027e-02]  Actual:  0
Predicted:  1  Data:  [-0.39113341  0.44218745  1.22435201  0.55825868  0.58528933 -0.78113488
 -0.83409541  0.47547483  0.53532493]  Actual:  1
Predicted:  1  Data:  [-1.22078209 -1.14220575  0.26421311  0.91760075  0.8497416  -1.18976093
 -1.31547841 -0.06373297 -0.27197462]  Actual:  1
Predicted:  1  Data:  [-0.77439693 -0.44661849  1.32364946  1.76527948  1.35830366 -0.89363203
 -1.05260891  0.88547529  0.35707566]  Actual:  1
Predicted:  1  Data:  [-1.08929877 -0.9296652   1.06910431  1.62707099  1.76515331 -1.12325256
 -1.18513247  0.18166568  0.35235628]  Actual:  1
Predicted:  1  Data:  [ 0.74207845  0.86726856  0.5773792  -0.26177836 -0.11652631 -0.13791386
 -0.08191016  0.25030783  0.63107371]  Actual:  1
Predicted:  1  Data:  [-0.89691946 -0.89102146 -1.58887817 -1.41351577 -1.33707526 -1.04756633
 -0.98647676 -1.16068492 -1.08305095]  Actual:  1
Predicted:  1  Data:  [ 0.43754357  0.9638779   0.7194907  -0.9528208  -1.06245175  0.33796672
  0.25214667 -0.12159594 -0.34714623]  Actual:  1
Predicted:  1  Data:  [-0.6187873  -0.40797475 -0.36166381  0.2449861  -0.34029362 -0.31275328
 -0.82791253  0.15656207 -0.77251317]  Actual:  0
Predicted:  1  Data:  [-0.97863218 -0.38865288 -0.39349465 -0.71325942 -0.68611582 -0.70813486
 -0.61674848 -0.64472298 -0.67937993]  Actual:  1
Predicted:  1  Data:  [-0.87502136 -0.71712464  0.77147991  0.49376138  1.65326966 -1.06639462
 -0.93372139 -0.02903067  0.81036687]  Actual:  1
Predicted:  0  Data:  [ 0.87584257 -0.54322783 -1.16038441  0.06992202  0.10724099  0.73816108
  0.95209503 -0.19402788 -0.21249233]  Actual:  1
Predicted:  1  Data:  [ 0.25483023  0.34557811 -0.03835927 -1.39508797 -1.15399292 -0.30634868
  0.12460053 -0.91447157 -0.83652898]  Actual:  1
Predicted:  1  Data:  [ 1.59650905  1.13777471  0.91064721 -1.25687948 -1.27604781  0.40390304
  0.42762632 -0.46475855 -0.56254648]  Actual:  1
Predicted:  1  Data:  [-1.58393595 -2.39812719 -0.09388742  2.29968564  2.80261991 -1.37712352
 -1.45914929 -0.37132318 -0.33746896]  Actual:  1
Predicted:  1  Data:  [-1.37964734 -1.58660872 -0.23333646  0.65961157  1.01248146 -1.25480184
 -1.33541397 -0.29240675 -0.24301016]  Actual:  1
Predicted:  1  Data:  [-1.23533022 -0.9296652  -0.56134297  0.42005019 -0.482691   -0.79486436
 -1.1553717  -0.02934339 -0.88963097]  Actual:  1
Predicted:  1  Data:  [ 1.35538218  1.31167153  1.12489075 -0.60269263 -0.84885568  0.46006456
  0.04905795  0.44512605  0.01590701]  Actual:  1
Predicted:  1  Data:  [-1.40671799 -1.56728685 -0.2724444   0.77017836  1.03282394 -1.2648751
 -1.32584801 -0.37478637 -0.33147752]  Actual:  1
Predicted:  0  Data:  [ 0.04165848  0.44218745  0.09656717 -0.14199767 -0.15721128  0.70756822
  0.62998916  0.56887553  0.68010748]  Actual:  0
Predicted:  1  Data:  [ 0.49633669  1.07980911  1.01737259  0.00542472  0.0360423  -0.0248944
 -0.06607059  0.41053585  0.4029893 ]  Actual:  1
Predicted:  0  Data:  [-0.14480919  0.13303756 -0.23860259 -0.71325942 -0.56406093 -0.26630437
 -0.22130358 -0.47051226 -0.39513172]  Actual:  0
Predicted:  1  Data:  [ 1.29589258  0.05575009 -0.42242761 -1.37666017 -1.05228051  0.61118829
  0.97050108 -0.78136826 -0.58264634]  Actual:  1
Predicted:  1  Data:  [ 0.28585967  0.73201548  0.49359757 -0.28942006 -0.482691   -0.30567713
 -0.52886608  0.38303546  0.15120405]  Actual:  1
Predicted:  1  Data:  [-1.39172299 -1.31610256 -1.85270143 -1.0081042  -0.29960866 -1.24000286
 -1.13266227 -1.23891297 -0.80695104]  Actual:  1
Predicted:  1  Data:  [-1.0794546  -0.81373399  0.51431542  0.77939226  0.88025532 -1.04594963
 -1.10969359  0.03820902  0.01895508]  Actual:  1
Predicted:  0  Data:  [-0.00752597 -0.38865288 -0.39432736  0.49376138  1.03282394  1.13886532
  0.79143096  0.78413921  0.57244829]  Actual:  0
Predicted:  1  Data:  [-1.39010639 -1.74118367 -0.4225025   1.76527948  1.80583827 -1.13663382
 -1.17590352 -0.5525241  -0.55865587]  Actual:  1
Predicted:  1  Data:  [-1.01076651 -0.77509025  1.31628065  1.79292118  2.40594151 -1.11041848
 -1.17421846  0.28338619  0.5662819 ]  Actual:  1
Predicted:  1  Data:  [ 0.26368979 -0.25339981 -0.80330794 -1.10024319 -1.13365044 -0.29147508
 -0.48370644 -0.22825673 -0.26221539]  Actual:  1
Predicted:  1  Data:  [ 1.53952829  0.73201548  0.41074505 -0.934393   -1.10313671  0.76149124
  0.74923962 -0.03800156 -0.06836068]  Actual:  1
Predicted:  0  Data:  [ 0.03074757  0.03642822 -0.41112203 -0.25256446 -0.59457465  0.40502229
  0.27843362  0.11865266 -0.00615099]  Actual:  0
Predicted:  1  Data:  [ 0.05787377  0.80930295  0.66467814 -0.49212584 -0.51320472 -0.38295518
 -0.31442264 -0.44558726 -0.45245328]  Actual:  1
Predicted:  1  Data:  [-1.76341258 -2.26287411 -2.71036667 -0.81461231 -0.55388969 -1.4439801
 -1.52022626 -1.30569897 -1.41606378]  Actual:  1
Predicted:  1  Data:  [ 1.03473063  0.82862482  0.52976945 -1.0173181  -0.95056809  0.33473333
  0.459461   -0.32390592 -0.18666417]  Actual:  1
Predicted:  0  Data:  [ 0.17301539  0.40354372  0.12637883  0.04228032  0.06655603 -0.2893485
 -0.38214912  0.16273354  0.24470813]  Actual:  1
Predicted:  1  Data:  [-1.18789728 -1.08424014  0.33275136  0.53061698  1.20573504 -0.90134242
 -0.84049864 -0.28072094  0.03350138]  Actual:  1
Predicted:  1  Data:  [-1.34501269 -1.37406817 -0.54830476 -0.06828647  0.74802919 -1.27736096
 -1.28716939 -0.5610903  -0.18305463]  Actual:  1
Predicted:  0  Data:  [ 0.23808444  0.46150932  0.16890896  0.18970271  0.5039194  -0.42301192
  1.44124227 -0.54826715  1.73199325]  Actual:  0
Predicted:  1  Data:  [-0.95390085 -0.58187157  0.44378051  1.33222622  0.22929589 -0.80384324
 -0.99479837  0.19041163 -0.46786526]  Actual:  1
Predicted:  1  Data:  [-0.4755258   0.42286559  0.25785378 -0.9528208  -0.78782823 -0.56756939
 -0.50272171 -0.56715274 -0.3755882 ]  Actual:  1
Predicted:  1  Data:  [-0.11860402 -0.06018112 -0.56367105 -1.35823237 -1.54050008 -0.31861069
 -0.61589299 -0.57529113 -1.02763071]  Actual:  1
Predicted:  1  Data:  [-1.14742493 -1.06491827  0.50729038  1.00973974  0.82939912 -1.03259324
 -1.10774929  0.04816009 -0.12706683]  Actual:  1
Predicted:  1  Data:  [-0.98425478 -0.69780278 -1.23396137 -0.9159652  -0.61491713 -0.97909305
 -0.87767367 -0.80149475 -0.47692575]  Actual:  1
Predicted:  1  Data:  [-1.48358771 -1.45135564 -1.37469    -0.02221698 -0.06567011 -0.75626264
 -0.87811438 -0.73906463 -1.04387381]  Actual:  1
Predicted:  1  Data:  [-1.33675898 -1.39339004  0.06499396  0.99131194  1.07350891 -1.23778923
 -1.33445479 -0.27818788 -0.34287699]  Actual:  1
Predicted:  0  Data:  [-0.60539903 -0.27272167 -0.65538955  0.2910556   1.08368015 -0.54624144
 -0.22298864 -0.1670072   1.05745018]  Actual:  0
Predicted:  0  Data:  [ 0.11830901  0.1716813  -0.25354552 -0.01300308 -0.16738252 -0.23761424
 -0.19033735  0.02470387  0.02985263]  Actual:  0
Predicted:  1  Data:  [-1.55213947 -1.74118367 -1.57229016  0.2910556  -0.16738252 -1.1106672
 -1.32706644 -0.59735308 -1.17535468]  Actual:  1
Predicted:  1  Data:  [-1.50067224 -2.01168982 -0.20894106  1.14794823  1.84652324 -1.37127854
 -1.45072399 -0.33681736 -0.19082384]  Actual:  1
Predicted:  1  Data:  [-0.41952066  0.46150932  1.13963983 -0.12356987  0.3310083  -0.73564356
 -0.61690402  0.07193035  0.55949008]  Actual:  1
Predicted:  0  Data:  [0.47658105 0.67404987 0.38128027 0.98209804 0.44289195 1.4306167
 1.16051113 1.84433227 1.7663733 ]  Actual:  0
Predicted:  1  Data:  [-1.46078254 -1.7798274  -0.25098142  1.09266483  1.13453635 -1.24079877
 -1.29476512 -0.3347215  -0.37672974]  Actual:  1
Predicted:  1  Data:  [-0.93076912 -0.33068728  0.53760558  0.39240849  0.43272071 -1.0325435
 -1.10479395  0.13067707  0.12126104]  Actual:  1
Predicted:  1  Data:  [ 0.66698291  0.77065922  0.45835481 -0.67640382 -0.75731451  0.50783169
  0.25607416  0.46015433  0.27876103]  Actual:  1
Predicted:  1  Data:  [-1.19534412 -0.9296652  -0.26310974 -0.12356987  0.73785795 -1.09969855
 -1.01320441 -0.69787417 -0.27156132]  Actual:  1
Predicted:  0  Data:  [-0.208011   -0.15679046  0.66404271  1.23087332  0.10724099  0.43723184
 -0.22107027  0.73081808 -0.23527163]  Actual:  0
Predicted:  1  Data:  [ 0.03317578  0.90591229  0.77194269 -0.79618451 -0.90988313 -0.30950745
 -0.41417824 -0.47009369 -0.59147763]  Actual:  1
Predicted:  0  Data:  [-0.00932918 -0.21475607 -0.39834973 -0.39998685 -0.7064583   1.06329101
  0.62864111 -0.02134943 -0.38721409]  Actual:  0
Predicted:  1  Data:  [-1.47159617 -1.68321806 -0.35010589  1.18480383  1.34813242 -1.29977085
 -1.37103357 -0.38840715 -0.46117569]  Actual:  1
Predicted:  0  Data:  [0.98339376 0.50015306 0.50785208 3.49749254 3.01621598 2.11236483
 2.74672373 5.8696391  5.38697977]  Actual:  0
Predicted:  0  Data:  [-0.5505538  -0.21475607 -0.31230047  0.2726278   0.05638479 -0.24905547
 -0.54448529 -0.00899131 -0.58488695]  Actual:  0
Predicted:  0  Data:  [-0.14690414  0.1716813   0.29410588  0.03306642  0.30049457  0.76012327
  0.93967742  0.72730689  0.89613163]  Actual:  0
Predicted:  0  Data:  [ 0.37079038  0.30693438 -0.07545401 -0.22492276  0.00552858  0.53920803
  0.27397469  0.32511141  0.06705672]  Actual:  0
Predicted:  1  Data:  [ 0.62064538  1.21506219  1.17190207 -0.11435597 -0.29960866  0.25638577
 -0.05780083  0.76659873  0.29082844]  Actual:  1
Predicted:  0  Data:  [ 9.91349035e-01  3.84221849e-01  4.39414027e-03  1.87584627e+00
 -9.09883129e-01  3.23206337e+00  1.04107593e-01  4.97027158e+00
 -5.96499585e-01]  Actual:  0
Predicted:  0  Data:  [1.49008093 1.00252163 0.75455352 0.20813051 0.32083706 1.30730013
 1.11879939 0.84171515 0.73097693]  Actual:  0
Predicted:  1  Data:  [-0.30297495  0.69337174  1.13210742 -0.16963936  0.21912465 -0.29398717
 -0.21676688  0.193848    0.36202297]  Actual:  1
Predicted:  1  Data:  [-0.47382135 -0.15679046  1.55270401  2.13383545  2.50765392 -0.91343033
 -0.88156228  1.0278383   1.41002285]  Actual:  1
Predicted:  1  Data:  [-1.65201331 -2.35948345 -3.0951284  -0.88832351 -1.09296547 -1.41938146
 -1.45920114 -1.50699079 -1.8579781 ]  Actual:  1
Predicted:  0  Data:  [ 0.52755879  0.82862482  0.54845756 -0.59347873 -0.59457465  0.60398778
  0.41970653 -0.25394721 -0.48515953]  Actual:  0
Predicted:  1  Data:  [-1.46199762 -1.50932125 -2.0821331  -0.86989571 -1.01159554 -0.66811542
 -0.79787956 -1.05937058 -1.31048461]  Actual:  1
Predicted:  1  Data:  [-1.53166717 -2.0889773  -0.25328023  1.5533598   1.94823565 -1.34195417
 -1.4338993  -0.39964445 -0.42741297]  Actual:  1
Predicted:  1  Data:  [-1.26473368 -1.76050553  1.18201461  2.10619375  3.03655846 -1.05806241
 -1.09273929  0.20934404  0.48896178]  Actual:  1
Predicted:  1  Data:  [-1.65119094 -2.12762103 -1.68731799  0.18048881  0.29032333 -1.25532416
 -1.36545991 -0.84360128 -1.00981772]  Actual:  1
Predicted:  0  Data:  [-0.11205408 -0.31136541 -0.87301315  0.02385252  0.22929589  0.15460856
  0.39594717 -0.01281586  0.49688269]  Actual:  0
Predicted:  1  Data:  [0.80055587 1.31167153 1.20946071 2.06933816 2.30422909 1.24647507
 1.08192249 3.31764335 3.56087529]  Actual:  1
Predicted:  1  Data:  [-1.69311339 -2.12762103 -2.06722944 -0.16963936  0.11741223 -1.40045368
 -1.44833898 -1.13658403 -1.21676483]  Actual:  1
Predicted:  1  Data:  [-0.65829603  0.19100317  0.72151878  0.2173444   0.45306319 -0.54096853
 -0.59860167  0.19814054  0.28011545]  Actual:  1
Predicted:  1  Data:  [ 2.12959292  0.57744053  0.22030588 -0.04064478  0.24963837  1.38216558
  1.22340279  1.20374858  1.1017649 ]  Actual:  1
Predicted:  0  Data:  [0.92456954 0.69337174 0.5214354  0.65039767 0.00552858 1.96502167
 0.88434262 1.00587373 0.47768871]  Actual:  0
Predicted:  1  Data:  [ 0.41296015  1.06048724  1.25412556  0.16206101  0.0360423  -0.13005423
 -0.37158509  1.12368576  0.86603108]  Actual:  1
Predicted:  1  Data:  [-0.89524007 -0.40797475  1.00572677  0.91760075  1.37864614 -0.90455094
 -0.89906098  0.04687606  0.35453886]  Actual:  1
Predicted:  1  Data:  [-0.87406729 -0.11814673  0.62226966  0.46611968  0.45306319 -0.58464418
 -0.70084598  0.15643765 -0.10896625]  Actual:  1
Predicted:  1  Data:  [ 0.02959658  0.57744053  0.87307944 -0.56583703 -0.58440341 -0.43496303
 -0.38796906 -0.36703479 -0.33623211]  Actual:  1
Predicted:  0  Data:  [ 0.48837877  0.86726856  0.67793846  0.05149422  0.16826844  0.64847178
  0.66926404 -0.33122858 -0.46466637]  Actual:  0
Predicted:  0  Data:  [ 1.2129958   1.388959    1.22011006 -0.62112043 -0.07584135  1.32832961
  1.2988287   0.04279033  0.1957068 ]  Actual:  0
Predicted:  0  Data:  [ 0.75371707  0.69337174  0.36825309 -0.52898144 -0.78782823  1.15155016
  0.43297962  0.04178317 -0.48282636]  Actual:  0
Predicted:  1  Data:  [-1.15570402 -1.12288388  0.2755617   2.17990495  2.08046179 -0.3491165
 -0.46036187  0.25906808 -0.1863497 ]  Actual:  1
Predicted:  1  Data:  [-1.5081365  -1.87643674 -2.80296735 -1.33059067 -1.45913015 -1.23587406
 -1.33974328 -1.2717107  -1.49540769]  Actual:  1
Predicted:  1  Data:  [-1.71574057 -2.1469429  -2.2084394   0.2265583  -0.58440341 -1.40943256
 -1.56491926 -0.90422232 -1.43629465]  Actual:  1
Predicted:  1  Data:  [-0.56358975  0.11371569  0.21181694  0.09756371  0.36152202 -0.04188214
 -0.21881488  1.08748574  0.94075644]  Actual:  1
Predicted:  1  Data:  [ 1.04744375  1.06048724  0.81542781 -0.19728106 -0.15721128  0.04703612
 -0.11791862  0.70791396  0.46562435]  Actual:  1
Predicted:  1  Data:  [-1.76333581 -2.41744906 -3.41933054 -1.36744627 -1.38793147 -1.44902917
 -1.54620213 -1.54989001 -1.77289909]  Actual:  1
Predicted:  0  Data:  [ 0.5567837   0.61608427  0.26791569 -1.04495979 -1.15399292  0.65038694
  0.60424662 -0.57237737 -0.73176873]  Actual:  1
Predicted:  0  Data:  [ 0.31599803 -0.11814673 -0.5529774   0.17127491 -0.00464266  0.83947815
  1.22822465  0.86959722  1.52807174]  Actual:  0
Predicted:  1  Data:  [-1.6753298  -2.28219598 -3.30291075 -1.45958526 -1.70323994 -1.14747812
 -1.2789774  -1.4396172  -1.80734125]  Actual:  1
Predicted:  1  Data:  [-1.23048234 -1.39339004  1.02211888  1.77449338  2.3550853  -1.16722668
 -1.18601389 -0.02236677  0.24138962]  Actual:  1
Predicted:  1  Data:  [ 0.02934023  0.5967624   0.24411078 -1.026532   -1.20484912 -0.20488237
 -0.5042253  -0.72553301 -1.01795905]  Actual:  1
Predicted:  1  Data:  [ 1.18336523  1.23438405  1.09049505 -0.64876213 -0.57423217  0.02812078
  0.01938792  0.38935077  0.50974142]  Actual:  1
Predicted:  1  Data:  [-0.3537087   0.50015306  0.33171894 -0.74090112 -0.75731451 -0.65207283
 -0.72254438 -0.31877753 -0.41637315]  Actual:  1
Predicted:  0  Data:  [ 1.22584953  0.80930295  0.51323361  0.12520541 -0.11652631  1.03463819
  1.03953672  0.09876809 -0.11717403]  Actual:  0
Predicted:  0  Data:  [0.92268684 0.90591229 0.65237085 1.03738144 0.35135078 1.97345336
 1.19903421 1.17360834 0.54847122]  Actual:  0
Predicted:  0  Data:  [ 0.91606359  1.23438405  1.05735998  0.74253666  0.41237823  0.21760995
  0.54311779 -0.20549286  0.11602035]  Actual:  0
Predicted:  1  Data:  [-1.06585527 -1.25813696 -2.04118055 -1.10945709 -1.31673278 -0.7865819
 -1.03451395 -0.73678372 -1.23452844]  Actual:  1
Predicted:  0  Data:  [1.62417808 0.9638779  0.71151733 2.19833275 0.78871415 1.03851826
 1.48905911 0.8101265  1.22178636]  Actual:  0
Predicted:  1  Data:  [ 2.33717387  1.11845284  0.88684236 -0.23413666 -0.29960866  1.46333614
  1.63690376 -0.0993371   0.40701543]  Actual:  0
Predicted:  1  Data:  [-1.38416447 -1.99236795  0.44543472  1.61785709  2.3550853  -1.31613679
 -1.39210979  0.01822086  0.2104236 ]  Actual:  1
Predicted:  1  Data:  [ 1.36617473  1.3309934   1.14869558 -1.13709879 -0.99125306  0.09081127
  0.41883808 -0.1987176   0.21279776]  Actual:  1
Predicted:  0  Data:  [0.8840694  0.42286559 0.02986655 1.21244552 1.34813242 2.60078102
 1.48357618 2.0951446  1.15118269]  Actual:  0
Predicted:  1  Data:  [-1.48360391 -1.93440235  0.08372852  1.32301232  2.19234544 -1.31123695
 -1.35384595 -0.33319269 -0.04553792]  Actual:  1
Predicted:  1  Data:  [-1.52625588 -1.87643674 -0.54212961  1.29537062  1.10402263 -0.99853071
 -1.09876662 -0.45383743 -0.63472817]  Actual:  1
Predicted:  1  Data:  [ 0.02090103  0.26829064 -0.13864006 -0.48291194 -1.29639029  0.10277481
 -0.87873656 -0.08481652 -1.21915866]  Actual:  1
Predicted:  0  Data:  [0.90774462 0.9638779  0.70943268 0.50297528 0.14792596 0.84557185
 0.84916373 0.42909059 0.52704346]  Actual:  0
Predicted:  1  Data:  [-0.74573366 -0.07950299  0.49307271  0.45690579  0.44289195 -0.90947565
 -0.99238743  0.10102863  0.04461194]  Actual:  1
Predicted:  0  Data:  [ 0.11785345  0.44218745  0.20479216 -0.89753741 -0.72680079 -0.0485479
  0.16340877 -0.58685045 -0.47705439]  Actual:  0
Predicted:  0  Data:  [ 0.04867461  0.05575009 -0.3862296  -0.75932892 -0.47251976  0.38005056
  0.47418584 -0.05316099 -0.0107518 ]  Actual:  0
Predicted:  1  Data:  [-0.68183116 -0.27272167 -0.77171979 -0.63033433 -1.07262299 -0.83018294
 -1.02878475 -0.35440901 -0.70171823]  Actual:  1
Predicted:  1  Data:  [0.67096081 1.13777471 0.94431328 1.36908181 0.56494685 0.4180056
 0.19716184 1.69303038 1.38683256]  Actual:  1
Predicted:  1  Data:  [ 0.52933724  0.71269361  0.50312265 -0.02221698 -0.23858121  0.0848668
 -0.21803716  0.69952758  0.38913436]  Actual:  1
Predicted:  0  Data:  [ 0.08869359 -0.06018112 -0.30573189 -0.09592817  4.19607996 -0.38641242
  1.99224421 -0.1749385   7.85297402]  Actual:  0
Predicted:  1  Data:  [-1.40666277e+00 -1.56728685e+00 -5.45403404e-04  9.91311942e-01
  1.74481083e+00 -9.84913154e-01 -1.02614050e+00 -2.13941286e-01
 -1.65877388e-01]  Actual:  1
Predicted:  1  Data:  [-1.44173149 -1.97304609 -0.00683586  1.43357911  1.50070104 -1.31757938
 -1.44639468 -0.06840622 -0.2952086 ]  Actual:  1
Predicted:  0  Data:  [ 0.89059492  0.09439382 -0.37481764 -0.67640382 -0.90988313  0.63445627
  0.01298469 -1.12954092 -1.46206688]  Actual:  1
Predicted:  1  Data:  [ 0.71208008 -0.04085925 -0.52294252 -1.43194356 -1.40827395 -0.06088453
  0.56564576 -1.15539523 -1.01193549]  Actual:  0
Predicted:  1  Data:  [-1.36882303 -1.74118367 -2.63032759 -1.30294897 -1.47947264 -1.22415924
 -1.31900407 -1.28916626 -1.53390283]  Actual:  1
Predicted:  1  Data:  [-0.60136736 -0.17611233 -0.20098409 -0.53819534 -0.74714327 -0.5932251
 -0.83443242 -0.75190844 -1.08352812]  Actual:  1
Predicted:  1  Data:  [ 0.46285873  0.98319977  0.83239216 -0.27099226 -0.11652631  0.08019082
  0.04553229  0.40209979  0.35669323]  Actual:  1
Predicted:  0  Data:  [ 1.20761454  1.15709658  0.93847914 -0.66718992 -0.3097799   1.1172016
  0.6306243  -0.11538678 -0.13683675]  Actual:  0
Predicted:  0  Data:  [ 0.5452007   0.34557811 -0.0489022  -0.87910961 -1.05228051  0.24763075
  0.19822472 -0.7518727  -0.84686503]  Actual:  0
Predicted:  1  Data:  [ 0.58098301  1.0218435   0.82907138 -0.66718992 -0.39114983 -0.30040421
  0.29878397 -0.43408537 -0.05253223]  Actual:  1
Predicted:  0  Data:  [ 0.06911441  0.34557811  0.16592465  1.59021539  0.85991284  0.20537281
  0.07202663  0.23679031 -0.22787717]  Actual:  0
Predicted:  1  Data:  [-0.65684067 -0.36933102  1.55538258  2.08776595  2.09063303 -1.01530703
 -1.07993282  0.89964166  1.14593583]  Actual:  1
Predicted:  0  Data:  [ 0.58113332  0.55811866  0.2997643  -0.47369804 -0.7064583   0.96141432
  0.27210816  0.28610783 -0.11274243]  Actual:  0
Predicted:  1  Data:  [-0.9664878  -0.9296652  -1.26706069 -0.9436069  -0.42166355 -0.84082826
 -0.83347323 -1.1189369  -0.99122026]  Actual:  0
Predicted:  1  Data:  [ 0.39958998  0.98319977  0.81444663 -1.10945709 -1.02176678 -0.08160311
  0.18020753 -0.64742226 -0.47557047]  Actual:  1
Predicted:  1  Data:  [-0.9295529  -0.63983717  0.88898462  1.11109263  1.42950235 -1.04318881
 -1.21087502  0.57088498  0.24156991]  Actual:  1
Predicted:  1  Data:  [ 2.55629347  0.92523416  0.6487938  -0.88832351 -0.88954065  1.60808014
  1.54734926  0.25912555  0.20810398]  Actual:  1
Predicted:  1  Data:  [ 0.15047689  0.82862482  0.86130815  0.2542     -0.03515638 -0.22872241
 -0.42615514  0.69408255  0.4457335 ]  Actual:  1
Predicted:  0  Data:  [ 0.40436598  0.50015306  0.29395738 -0.16042547  0.51409064  0.53311433
  0.78265568 -0.28557704  0.13454655]  Actual:  0
Predicted:  0  Data:  [ 0.69450873  0.75133735  0.61996654 -0.15121157 -0.50303348  0.44337528
  0.18046677  0.01443824 -0.22727624]  Actual:  0
Predicted:  1  Data:  [-0.68460479  0.05575009  0.37477074  0.12520541  0.23946713 -0.43850733
 -0.39142992 -0.1333857  -0.17670823]  Actual:  1
Predicted:  1  Data:  [-1.37872069 -1.39339004 -0.71642159  0.3186973  -0.06567011 -1.2171204
 -1.32074098 -0.47770677 -0.84970744]  Actual:  1
Predicted:  1  Data:  [-0.98298371 -0.75576838 -0.83192629 -0.26177836 -0.19789624 -0.87379642
 -0.8753794  -0.67736758 -0.74081195]  Actual:  1
Predicted:  1  Data:  [-0.69027517 -0.58187157  1.59097529  1.80213508  1.75498207 -0.95573802
 -1.06139715  0.85242035  0.90929414]  Actual:  1
Predicted:  0  Data:  [ 0.08796168  0.55811866  0.35094888 -0.04985867 -0.17755376 -0.16861864
 -0.24034477 -0.07285689 -0.13013128]  Actual:  0
Predicted:  0  Data:  [-0.4862508  -0.1374686  -0.41404764  0.18970271  0.02587106 -0.13244197
 -0.52891792  0.04158362 -0.48385584]  Actual:  0
Predicted:  0  Data:  [ 0.50198226  0.15235943 -0.25549363 -0.19728106  0.73785795  0.29297284
  0.52512653 -0.18917951  0.11795354]  Actual:  0
Predicted:  0  Data:  [1.08100374 1.3309934  1.16154187 0.58590037 1.09385139 1.6737553
 0.82843748 1.24244888 0.56591329]  Actual:  0
Predicted:  0  Data:  [1.28035759 1.3309934  1.16376727 0.13441931 0.93111153 2.25223388
 3.10002914 1.03067034 2.00375641]  Actual:  0
Predicted:  1  Data:  [-1.73740157 -2.66863334 -1.9102336   0.60432817  1.21590628 -1.32025314
 -1.36591358 -1.08598241 -1.19658496]  Actual:  1
Predicted:  0  Data:  [ 0.27984762  0.77065922  0.49280618 -0.17885326 -0.75731451  0.59676239
  0.02818912 -0.267843   -0.59949764]  Actual:  0
Predicted:  1  Data:  [-1.61948956 -2.26287411 -0.78149997  1.39672351  2.04994806 -1.38284414
 -1.41583026 -0.70552171 -0.55740973]  Actual:  1
Predicted:  0  Data:  [ 0.84995931  0.90591229  0.65377921 -0.54740923 -0.14704004  0.46110919
  0.73832561 -0.01035761  0.43189909]  Actual:  0
Predicted:  1  Data:  [-0.69506224  0.11371569  0.1877129  -0.32627565 -0.05549887 -0.73546945
 -0.65685293 -0.34105494 -0.17392729]  Actual:  1
Predicted:  0  Data:  [-0.45136403  0.55811866  0.63902218  0.42005019  0.25980961  0.30579448
  0.21101822  0.26750684  0.09153857]  Actual:  1
Predicted:  0  Data:  [ 0.59878134  0.44218745  0.08491301  1.40593741  0.88025532 -0.25802191
  1.28402609 -0.40602981  0.59186037]  Actual:  0
Predicted:  0  Data:  [ 0.00948874 -0.07950299 -0.5573531  -0.9712486  -1.02176678 -0.12072714
 -0.15944889 -0.66955441 -0.70880997]  Actual:  1
Predicted:  0  Data:  [ 0.28672129  1.06048724  0.97319757 -1.10945709  1.05316642 -0.91648962
  0.76354968 -1.00075521  1.55221587]  Actual:  1
Predicted:  1  Data:  [-0.30303725  0.19100317 -0.20006145 -1.026532   -0.6556021  -0.76342585
 -0.56394127 -0.47624218 -0.08971292]  Actual:  1
Predicted:  1  Data:  [ 0.09063897  0.63540614  0.33705653 -0.18806716  0.32083706 -0.63774641
 -0.52184067  0.15926475  0.72438402]  Actual:  1
Predicted:  1  Data:  [-0.94248654 -0.38865288  0.63896629  0.44769189  0.80905664 -0.67751713
 -0.72651075  0.06685498  0.16631459]  Actual:  1
Predicted:  1  Data:  [ 0.40252136  0.48083119  0.10128132 -1.08181539 -0.81834196 -0.62603159
  0.02466345 -0.69913346 -0.13942446]  Actual:  1
Predicted:  1  Data:  [ 0.14351786  0.88659042  0.72899206 -0.81461231 -0.81834196 -0.3611671
 -0.39577219 -0.28641249 -0.41502945]  Actual:  1
Predicted:  1  Data:  [-1.24881902 -1.7218618  -2.61251818 -1.54251035 -1.66255498 -0.97073598
 -1.14658346 -1.26251546 -1.57715958]  Actual:  1
Predicted:  1  Data:  [ 0.32568608  0.90591229  0.70355772 -1.14631269 -0.99125306 -0.36440049
  0.41850106 -0.87566107 -0.32635539]  Actual:  1
Predicted:  1  Data:  [-1.71797136 -2.49473653 -1.69630577  0.86231735  0.90059781 -1.4688026
 -1.58052552 -0.91714638 -1.11311809]  Actual:  1
Predicted:  0  Data:  [0.47131008 1.06048724 0.97155287 0.09756371 0.26998085 0.55354687
 0.78912372 0.83571352 1.0143533 ]  Actual:  1
Predicted:  1  Data:  [-0.836434   -0.1954342   0.64269825  0.65039767  0.56494685 -0.08775899
 -0.19272236  0.07821971  0.15604092]  Actual:  1
Predicted:  1  Data:  [-1.04974696 -0.65915904  0.22787357  0.85310345  0.35135078 -0.98304774
 -1.15233859  0.22781134 -0.24609076]  Actual:  1
Predicted:  1  Data:  [1.18275026 1.23438405 1.21808074 0.42926409 0.45306319 0.49239847
 0.67971142 1.15983447 1.41332464]  Actual:  1
Predicted:  0  Data:  [0.67587409 0.50015306 0.34901781 0.15284711 0.36152202 0.73297522
 0.59145312 0.44880527 0.45017157]  Actual:  0
Predicted:  0  Data:  [ 0.5186514   0.2296469  -0.12346173 -0.46448414 -0.72680079  0.55357175
  0.48537206  0.20586801  0.1126782 ]  Actual:  0
Predicted:  0  Data:  [ 0.76436299  0.78998108  0.52676951  1.20323163  1.12436511  0.08317549
  0.64261416 -0.01120064  0.25417578]  Actual:  0
Predicted:  1  Data:  [ 0.45356103  0.69337174  0.40504253 -1.08181539 -1.45913015  0.3259783
 -0.13018068 -0.50756356 -0.8566096 ]  Actual:  1
Predicted:  1  Data:  [-1.40801931 -1.66389619 -0.05089882  1.05580924  1.37864614 -1.20505736
 -1.25375333 -0.29796208 -0.33072469]  Actual:  1
Predicted:  0  Data:  [ 0.40748281  0.82862482  0.64250623 -0.28020616  0.25980961 -0.38039334
  1.13854053 -0.10780991  1.66652885]  Actual:  0
Predicted:  1  Data:  [ 0.21412461  0.21032503 -0.23198782 -1.33059067 -1.39810271 -0.3012623
 -0.23598954 -0.61907882 -0.7175308 ]  Actual:  1
Predicted:  0  Data:  [ 0.13295865  0.2296469  -0.19160075 -1.14631269 -0.27926617  0.20738746
  0.58822558 -0.72557186  0.42161061]  Actual:  0
Predicted:  1  Data:  [-0.59516898 -0.33068728  1.60944075  2.53003312  1.82618076 -0.74295599
 -1.15801595  1.76303727  0.42477698]  Actual:  1
Predicted:  1  Data:  [-0.57418058  0.11371569  1.0217728   0.54904478  0.52426188 -0.6809495
 -0.83661004  0.04544566 -0.16880248]  Actual:  1
Predicted:  0  Data:  [ 0.34755451  0.28761251 -0.08669072  0.81624786  1.41933111  0.53220649
  0.15437425  0.72222068  0.47772652]  Actual:  0
Predicted:  0  Data:  [ 0.64178072  0.78998108  0.48472083 -0.80539841 -0.88954065  1.05347892
  0.99239391 -0.34949736 -0.40823337]  Actual:  0
Predicted:  0  Data:  [0.4444348  0.48083119 0.25281005 0.64118377 0.42254947 1.59936242
 1.66433137 1.27070697 1.372147  ]  Actual:  0
Predicted:  1  Data:  [-0.15535139  0.61608427  1.1788923   1.19401773  0.72768671 -0.55510839
 -0.77383504  0.97946048  0.57384342]  Actual:  1
Predicted:  1  Data:  [ 1.09253916  0.48083119  0.10128132 -0.81461231 -0.8285132   0.84210218
  0.6223675   0.06293029 -0.46694705]  Actual:  1
Predicted:  0  Data:  [0.79093709 0.40354372 0.10516178 3.04601148 0.60563181 2.09333756
 1.0830761  4.81622386 0.96471091]  Actual:  0
Predicted:  1  Data:  [-0.62314742  0.30693438  0.75915405 -0.02221698  0.02587106 -0.53793411
 -0.64334652  0.16596868  0.06567016]  Actual:  1
Predicted:  1  Data:  [-1.36070776 -1.3547463   0.07155766  1.08345094  1.56172848 -1.08916515
 -1.14343369 -0.32139566 -0.2160894 ]  Actual:  1
Predicted:  1  Data:  [-0.31917663  0.36489998  0.09926746 -1.10024319 -0.57423217 -0.68609805
 -0.44215025 -0.45860971  0.00629384]  Actual:  1
Predicted:  1  Data:  [-0.50477162  0.2296469   0.32016807  0.18048881 -0.21823873 -0.59501591
 -0.94232816  0.32727735 -0.44238614]  Actual:  1
Predicted:  0  Data:  [0.64379269 0.42286559 0.11967497 0.2449861  0.21912465 0.41725943
 0.36289405 0.70107764 0.82439472]  Actual:  0
Predicted:  0  Data:  [ 1.2033096   1.09913098  0.87452095 -0.19728106  0.11741223  0.93303509
  2.09448852  0.08703187  1.05682673]  Actual:  0
Predicted:  1  Data:  [-0.25971441  0.50015306  1.1447934   0.2910556   0.62597429 -0.55012151
 -0.50444566 -0.0331004   0.12442114]  Actual:  1
Predicted:  1  Data:  [ 0.44241632  0.34557811 -0.02158584 -1.0173181  -1.40827395  0.70171081
  0.08624595 -0.61065589 -1.07851243]  Actual:  0
Predicted:  0  Data:  [ 0.34868733  0.30693438 -0.11296306  0.65961157 -0.1368688   2.65753948
  1.43224664  0.8796295   0.25408197]  Actual:  0
Predicted:  1  Data:  [-1.7245905  -2.37880532 -1.92580742  0.51218918  0.49374816 -1.42395795
 -1.50249424 -0.98543192 -1.200606  ]  Actual:  1
Predicted:  0  Data:  [ 0.54272333 -0.33068728 -0.89852821  0.02385252  1.75498207  0.62199528
  0.59303448 -0.40416648  2.5169798 ]  Actual:  0
Predicted:  1  Data:  [-1.30603984 -2.20490851 -3.20768125 -1.80049953 -1.94734973 -1.16603281
 -1.19830187 -1.61356968 -1.89421249]  Actual:  1
Predicted:  0  Data:  [1.57010952 0.61608427 0.31590165 0.04228032 0.17843968 1.43731977
 1.84494397 0.6985066  1.19091296]  Actual:  0
Predicted:  0  Data:  [-0.366907    0.11371569  0.06989801  0.71489496 -0.27926617 -0.18473585
 -0.47047224  0.59336067 -0.29319066]  Actual:  1
Predicted:  0  Data:  [ 1.30470647  1.15709658  0.93445205  0.19891661  0.32083706  0.97074141
  0.70931664  0.084982   -0.17175043]  Actual:  0
Predicted:  1  Data:  [-1.82061717 -3.05507071 -4.04121734 -1.35823237 -1.37776022 -1.52339717
 -1.56844493 -1.82875443 -2.09069723]  Actual:  1
Predicted:  1  Data:  [-0.90294027 -0.27272167 -0.41185501  0.2265583  -0.47251976 -0.99458846
 -1.17121127 -0.01098819 -0.48262355]  Actual:  1
Predicted:  1  Data:  [-1.00063276 -0.58187157 -0.1890645  -0.01300308 -0.20806749 -0.91395265
 -1.06567462  0.01667746 -0.18941248]  Actual:  1
Predicted:  1  Data:  [-1.37516187 -1.3547463  -2.0339631  -1.07260149 -1.05228051 -1.05751523
 -1.09623903 -1.03018097 -1.09757255]  Actual:  1
Predicted:  1  Data:  [ 0.0210951   0.44218745  0.38288732  0.54904478  0.11741223 -0.48704551
 -0.52801058  0.49939325  0.52138872]  Actual:  1
Predicted:  0  Data:  [0.39999393 0.71269361 0.51070299 1.79292118 0.96162525 1.58794607
 1.17392681 1.43734053 0.88092288]  Actual:  0
Predicted:  1  Data:  [-0.24978935  0.71269361  0.58884724 -0.50133974 -0.52337596 -0.42967768
 -0.50790651 -0.1646042  -0.36590806]  Actual:  1
Predicted:  1  Data:  [-1.8288905  -2.78456455 -2.88514752 -0.27099226 -0.38097859 -1.44323394
 -1.53663617 -1.41113385 -1.67706415]  Actual:  1
Predicted:  1  Data:  [-1.68622592 -2.10829916 -2.05121577  0.14363321 -0.11652631 -1.39199712
 -1.50731611 -0.88582065 -1.21321865]  Actual:  1
Predicted:  1  Data:  [-0.00992572  0.19100317 -0.25579278 -0.70404552 -0.41149231 -0.58912118
 -0.51836685 -0.31084905 -0.05478508]  Actual:  1
Predicted:  1  Data:  [-1.65619132 -2.06965543 -1.57053514  0.96367024  0.25980961 -1.33471635
 -1.45831972 -0.66725193 -1.13477095]  Actual:  1
Predicted:  0  Data:  [ 0.59822057  0.67404987  0.36041655 -0.41841464 -0.60474589  1.19195512
  0.9298263  -0.15319019 -0.24773275]  Actual:  0
Predicted:  1  Data:  [-0.33478292  0.2296469  -0.13509716 -0.69483162 -0.61491713 -0.45074447
 -0.52825686 -0.41213478 -0.50344557]  Actual:  1
Predicted:  1  Data:  [-0.29575017  0.51947493  0.24681514 -0.87910961 -1.13365044  0.09760139
 -0.30236797 -0.25004318 -0.69463488]  Actual:  1
Predicted:  1  Data:  [-1.31680845 -1.89575861  1.14271057  2.17069105  3.30101073 -1.29979572
 -1.36343783  0.15889838  0.50606495]  Actual:  1
Predicted:  1  Data:  [-0.64360285 -0.75576838  0.23470153  0.95445635 -0.03515638 -0.4211092
 -1.05105347 -0.01163066 -0.86158237]  Actual:  1

 The Confusion Matrix:
[[ 68   5]
 [ 10 144]]
--- 0.08388900756835938 seconds ---
